//Leadwerks Material File

blendmode=0
castshadows=1
zsort=0
cullbackfaces=1
depthtest=1
depthmask=1
diffuse=0.917647064,0.917647064,0.917647064,1.00000000
specular=0.137254909,0.137254909,0.137254909,0.501960814
alwaysuseshader=0
mappingscale=1.00000000,1.00000000,1.00000000
drawmode=-1

shader="Shaders/Model/diffuse+normal.shader"
shader1="Shaders/Model/Shadow/shadow.shader"
texture0="./lifebeltonetexture.tex"
texture1="./lifebeltonetexture_dot3.tex"
